7941453479449782653747944155451868929831111938115578856437757924281959339545329561922376921843959398881559748672789465231984727457668823468334195212719787123624174568882357261451484278611432934778999639
8768774982941235469955458463678188151111111114714483993111111111125831784951854951636975578932677811111148227392573895982365449961111111111113634859662711111111252993368543816697897496225521111111111325
9957111111111663221871111111785634411112632211486479751112111111111918396111111943779849689972384117216114317611111112186335921111131525764141826158511115476211111718111112969211111312867111121774115778
9211111111111117652891116999169594111498826481179322817211163875311188189121111132988241818284344157384188972141896615815352431111898822621153519471116317377511154111185134235578811176613113181411442952
8511154496861711192282117928869523541188433411123865386234115465491178718121947114763261485359846187896759421913647815895816911995626841911115391381575862626441141194199113177911114222292611164516221259
5811866616596568112675731114799342871111645859296372652765231117851197396111519382634699386594578119385539826374135615532524614294891111963778926114376645755811834116359494679939278231125352116356488621
3711178841311118811399852497372295647931559811176937367422411139411142836511127326258118974111862111287236178146423219426394111111111933511119177312211111113117673491111111514911845812222957723832175687
6961111111111111137123968199119629647453932177755111111111531351311935311211114939316143885177428826114961353281265311641821831111941111114111266517143298431116233575643763831132547929644511124277196875
2163111111633991622161528521111111111151136774111111111111114397892989669641211124311715321144931355119511683111199181246121444741192631113913437118982246226828454228821391111111418898713111541113887529
7246722927359162152139637311222222119692516911111175368771111158131811111111111111111685118149633226443713511122186327111432557991197511836312446947345115284947816553221118636111647521711816461561471593
1158278286882921115377628112111111111172966111175817451376778328491111112211262611269747437611842551457269111222115381579345559111137111193146194739711151114521229177111152684167527951119168419278125573
4767667237811111111111698112131734681134271113449871891461463857311111512214739259323111829426421767465611111232111358718851211122116112436135158338416738114646314111973432863935361711986699731633178247
3861738713216117311131157411118133583199142111281378411111316815111222512215755795511121714471694121111111931232138345156111112222115219749429159349615613942995812951692421753565123418736552133782113948
9113111118569511395238326192111164582192939711111111111988415564113866812118352711112221429218511111111137811222111111111111112332142111167531972149911932394143112191111171867214199817373115218618111489
4411111111173843851312713276341111311293426656913425525975241973155542111133948111222321634811111187281357112111111111111933712322199114154129159546961111667529112159236762141135749114144111355345139475
8211115826112181239577587325145271114543962897494151111111999365184355111998511122233321291111579728432971111189638171554711112221175611111261583531887931111111128947363172764411449418899311476941549287
9211182787711598196531821118486567841692317373734111111111111622167791116621112223333221111221111111111111113337311119487511222211378341721394611163571667878564195761837984114228366111283171115111173458
5411371283372171167686111211116622711111111198841111685191121614199211889511222322222211111111111122111221716196911953361112232112529892125221112125341354856439339257271111541111984911544749111113366494
7311617395754611759811121111117413112111112119781218282329111754283684426112222221111118712253683111111121111111887934111112332191747966352111222131111111111143661358119375994111712191636346146135997847
7111114953774317685838121723111219121116211216641111838763811577175895111122211111114573631112375964814111112111117223218712222111111111111122222113811272511115624321257585911111398245511389333763172162
4951172581112728362684111258616393121963841212295111194978663915555911122211116621823533361627245193781829611112111174511111111111112211111223221155511372368911319459723715625896339175576598848454647623
2311111111998978718825111124393238111121981117634191111495567522251112221113842513343111111111111111134878892211122111111111827124211112441232211421421494177991997549218123728271118699897651111111113783
8182111113817548773773459111741396712169273194243927324111628861711222111328994581111126688863511611111111895676112222176626775198859166911232113848131712987261546587597132111125924786266161179773291575
8352841936143511111118985857111318611119555489685684787624413191112221111412248115341274741763451323667811119376111122116328631111135423112222121363422436683381933811931111111923251112746618386388961977
6126552546184111111111191228615316449111155828511111111167828711222211289763941423727478553111181771557761117567378112211636697266495711122211126675832234948531776511111311216717929643883316322624111581
7686729366161111113161172281853645256315624323111111111115922712222118897355412147866371111111557126811111128161578511221112253748111112221117696847259986218412384691177112131952665753661914364878681774
2263674163741113521283142883111111111792316371121374261214682112221192392714766653795111221181912211169312671829527791122211125411111222111352423211117834426289339534116511119897511111745821575856179123
9182181359957111752577712231111111111111195611121148471116581122211645782289317825951122221262375157317641811111115319112221576225321111173192316111651131748461992458511111731856168578112492544319444724
7956119768787811117379163228115682625111182969121188881184951223213226111963514425811223321129671833851186621173811381711221112257745115271876184111117611321567614399289632523661924536911895546579388313
2985183688737958411118423825111129967941114436112199711112711233214237111121259597612233322114866241111827111957448365981222211171492811983527539411233261188593625211111277523315636112114244391111111196
4193144754198956944686673916411117245634971665411112311231912233219353311798416559512233332211111111111711511233793613611123222111111111116134372821157516157314811141891119321619825381143585431274451193
6811183711117585529583113412245511111155246171121159311413212333212666839582668272511223333222222222221466711887384633535123332222222222211135745156715254112565113868598111169696647388596513813268131193
7441195931213985971111117617362562495623648412311767311783212333215411113111271657341122223333333222111111111989121131954123322222222211111787233178214197917614114568618311158265885974184752422784211748
7411132261218315911115163263716618832611119345244363681141712222211111111111931471942111122222222211181112218414365111818123321111111112131579638673343611216518686151153111714834278485575465973166365583
7861115781118957111928595116132461111111211111121684521984512211116675498111118938888359111221111113993212211427465311769123321221219484968415732814151588119954171881111181158854441111111921482329331458
7661142411181731114672579111971111222222222222111197474486512113526221328879111155743547141111283417391112221812156411939123321176455383311111111153411542194149344219976674113111111686211119334411835545
1837114111468196111764111539811222222111111122222111993215911178511184619729181111122542273911198111113112221114397111714123322115718422981665258117911111162488575114428436512111578211434116921965416439
3561711116145212611111123777112222111115647111122221115311111911111174919138692311113795899532984171782511111183526111151123332111589447572164396714727572353699111111116924371163653453161112315111198459
5926787793611989755436537761122221189749417656111122211112211111114599113728867784111118763178262367111111611736884115954123432221187453691114319211164451252111111864811126531174323191111256871196111944
6134798869111631122689899471223211854611111122787111122222213249731519119811141977471111111111111111111117711373921164893123433322115667161339411144134175931129996626111143981624891111914478461739671193
6712751791116111927852932111233213291116854549146114111122211825577119116161927322553381221111111111119614112973511426791123332222211941641341111629989578525144821333111366261736173148237643416378591156
7994925151339811189529534611223215928644717619577247141111111111968215511172819834994111211228615283494851118879111388611222222111111116194613144489811167932111693611122671924968383111111156364437511466
3223822511391211636512437471122211161851111111188435525389825775811617253615536591111121113976678174494911112931116347912232111177166648912387231111112111331511442295111472285433111116111114462265681148
2539784911911111519125878436112221191951122222111124332668353611178826552986111111221111411819828562794551154911998346112332153595483511111111152256122221111417188833461586643632311856466114557684293885
9125812611112114891142911348411222114762111122222111147833154716873353111111122222111679744444523365988121191918481123122332181339195111131811163114123322211189611125191111111144513113981168418827424886
9366318551111174571113331164641112211129611111122222111111111111111111122222222332126828542851111144817421176999851111123332171617623118249311238331123333222116613554111111111116111813832817231411144667
6913711849728617221386111944756311111111132756111112222222222222222221111111112232111111111111116217476111127956538112223432111111787116413114892311223333332211946621179335572113161114795685391117111438
9915131119715325361742811694976881411111111347458511111111222111111111213864811222222222221111766158111152252868978122333332221661829644341176691112222222333221159711956887191114974161111141111119351162
3168771131639115471158111182121892887549183782623842871411111137877533492453321123333222111371127311115311152261111122222222221335199218118775941122221112343322111211894615111167939996139671514443151597
9473246114953199481111113121111111874954525362176269452476795811111111915632494123322211177724321111856711311179112211111111111146614311176969511222211712333332215411729711164399288111117353525531211384
6718147112176411156411172711111111191412711111116461543173159115744211827616821122221118457668111795811195722811122113462957491224872175729766112222114912222223219191757717584411111111111121214925971156
6316224111211431173383962611911411113372411111111214351792774315518119587541111222111974525411623571117885746112211191652612716637811446855411122211147212111123211646685697114111117787771997777477951756
9411296111696385114288662118356311113252211838511483119611112516351148451111222111179812761112239113628129891122114442242711111148924336531112222115544311173123221666347636251111186569556917934383473365
2151142118767115115293944135699812179861641535671188161114996456119245111222211112891922276978111596314229111211163341118727111716252711111222211131696111511123321423338594341116539733141825675111148964
5818711151712115116543721514391111127456732153686658111554666411318611122221117743351131752394114491176561122115768611711119955998381111222221111475761113817123321552642111166111189357433568511131111175
1232166216872811118713111331153111224111111584819127118636971159881112222111981214797111111741837117474111221151262869364537765111111222221111546115561113314123321694433112132191111111116428113182521123
7624116622436291591271829734111175231111111894912491122531119273111222211184196614962212219651111938211122221954144849298111111122222221111644581482411173121123321342211122111396171241354756119814731123
8651431586941139261568464677733544921169311117366391184111627511122221113814456143481112118154897112112222221111111111111122222222211111737566114695111173981223321741112222215396681216787193134476611133
7616475161185424246661789822714211871568312139649327111379719711222211392657191571992121144255981911111111222222222222222222211111112889581511115611111194991233321111222333211287411111112161514931361136
7233711788181983912752425896119895931128612116952999652689971112221118322213192632111111569844111111942361222222222211111111112238983231511116982111113938611234322222222223221782111366381346197325111548
4431141435191168316777141111111173148626511167891914541117211222211818711186674992121118683511114916482111221111111116614556461683864185297281491111713872112234333222111123321154112831411194327726198524
9118881196147137511649176413641175673643311694414531778539112222118574113894514851111797411111141919111111111498562417155315111111111966819532111118863311122333322211134123322127112697488118641142621831
2799941119184115381147561129321197242967213489169211159531122221176831126976163711149351511131723111111116186711482965151111111111111112143111114969911112223322221119289123332185114119835282976824355381
2613741122113912421154856772711267266492343191194841141511222211899511419111696118554941111885951121113917461931657111322195136138712215761114996926111222333221111735679123432197711128223633491811118719
4571211715111719192111559891111439797148963211834618153212232113145112127114621151652311118129111111136535441912379111171895176685612113175668963791111112332211377896139123432128332486414914196912311357
8517116991911113469173111111939843117111317311188981131112322151541134311111111984662211124211121117534636811975811125156317699754111144797635589111113212322117416861166123432186568737188577139134251855
2164924223311139749841381955867191177911718211469391949122321149551282111426757511197111675511211233711145411291117357295579147211113158926133941113151112221169114941119123432154729571111186931172311111
7413281144385558723197646534345411117111198711495812426123321395615439116652967844288111513112218628514291112791195768523741111111467968582432111173341122211725118921123123332156911113667181146232745524
6538121742618559115154111421471111213111741681111134921123321779514418113258621511231118164122118449113411169511117368811111111142585828829111111744811222116617711971177123322164611437388961179668316535
8241481713461816681798475711175311236111126476963654811223321611513533118495775117371218451122198121172491653811461114688686971181433742711111864824112221198667811151791123321163117349895611171783743416
4211521112971217381162713991687271111127135335757934461233321595418676111284341177271216321222194161278841761816847911888181761112111111111136192211122211181467812111331223221274116852651113846235578554
3731341198329241669111199211386888941563692912372415411234321698111111711122111146921215111122163771185671692117663211634124111111111111116418562112222119579688111111841233211429114567966465461111111836
1151111121511948131381111115714641123663322142179741781234321583151114939111119138541117497122115455111751184418816814165331111141794843711188871122221165127211181212611232213555611159485934111823711414
4292597926611641144639118612923225312424851131211272161233321437897116952426291488388116487112217229311654132312921111111111185555751111178376111222111759454311834448812232116726721118477211616645111579
7225738668111688176953816216318861986548611178111777161223321273311113417825381115125111476811211816941111113812651111111863213155115757766311122221181951782411147116112322198588723561387117882861469512
2632916861157671155881198225587651146617246113821193741123321871111143311111111115783611155191121122973211564814931184793888239792623367531112222111145714213641113221122221189151119935191175869913353796
8183981811176911953717114351199191113815923111111135778123321133114877111224911595369611113217112115276199236111757946111111624942136816111222211114614352911111143411222211124111111192111631387552649993
9711441838111111862664716645146111198911248886589699178123322114111155516853372474199371111942411111119181129875698111116551169181548111122221113526159813116456987112222116961116839117411619755571654583
6412573347114416532542411362911111978641632696535152316122332118711167311582576289112278751111891122211113574221962268843969871781111122222111941311172628185281561122221136411152198311241111111196927933
2116457199445455918497415927543169932132111114111112357112222211681162749728119364111198537211111123222211111433526614584951111111222222111194415933211895913166111222211125846165842221497891265526111398
7153498519862266134647118877881391291387895264574611115311122221195113426596311926711148839987111122222222221111111111111111222222222111184768194571711542389821122221118149694119436581155635112211841117
8111181211272831177511112726216447111118174234579532115319112221139155237569111153771111441151454111111122222222222222222222222111111179816678111137911782753111222111658138559115314671177324476814861151
6247994131182499111117319141855811941111297653661111181114811222111566114362791111928171116471731824787111111111112221112111111169458634659911111575511735611122222191318422111111351111128633129132111111
7718651575311786111945137192327161527111111111111189214385151122221193111165449111113734114271811116758185835964711111911168359722472967311111113867119681112222211126354111111121595611992136812733691164
9131431433517121968965621348124611928439146117159634194871911112222111122111824851111111111196411181111111111469893788928511111171152211112111454512324111222221118281111217116696897577826251418965861613
9836371189181121117216131188311151455231111876371223323212654311122222222221111735417111174677772954796751221533511111111111127477811112211141993183111122222111471811959781158444657437891651193971411349
5886336117116619116688741111114237552562711213513111115911651282111222333322221111965399588534711111111111111835192581111788919211112211117572971111122222211137787116657472545918282921261982161551196913
6477187311169713725311518758452511611111111182661282541111882251871112222333322221111143986991352921111111368596651843259661111112222216939411111222222221113945511828397532213997111111184597111111417957
6623111671686791651111111199222832183425811171123774655894575411526411112234333322222111111186757976851638919684684811111111222222333211111112222232211111265598411111185739195111112649242727132782978533
2254311319648434511785342613534448548721572355495839699653269816997268411234444333332222222111111111111111111111111112222222233333343222222222333332112715631359724974911815911114731972726492597911111917
4486831621329874711189327791113996616795269992371941144451696636682947611233333333333333332222222222222222222222222222333333333333333333333333333332198824986761617971776611481113232231117518646112891466
9448471131146591973111159691715512611111111111111111111111111111111111111222222222222222222222222222222222222222222222222222222222222222222222222222111111111111111111111191635111111115747191968112371422
5789971156115182173149111114855219942297411111111111111111111111111111111111111111111111111111111111111111111111111111111111111111111111111111111111111111111111111119111797293491283464482878671167667453
1321911526151846618722163362474517163164719914765181514481773446178132386615489991173533755434526164122858555719658619187666693647422487842884513572172948951211117341447199115374861111111119211111326857
5557112754411112113911883738318264167611681236241111111171126611114856213946411111392575111711111665719287366196458275791111181736543355111979137394744111111111797398111111133434111767447211168147713399
3912778836211111161616831113468659796983115181116487111112511175111117182611111111111492231183722111791933399113777773111111111175536111111111197458111111115411422151151411115127117967475861414116337275
3218959924281731114833499661119859317154841141625971621183117427941184455185649281121695411194934316583912988521113711168233622119281132648828114621211117846829162546663553112523113742799111695359737336
9289819491151364827573515696117521117319611431232576111875121941111114623731976311111964216738862149389241433982117351196519731314921789583823138841114922416936751479296934118523611117314299322379995868
6449128815387814251114261111166271113613113112859212151118191111289848349238111111153881698786418474138669111659511459113185464974511253917279181194115743411293175446936566217838591134644984239935986624
7781455771818623278491175938816692411191144851514118248391176772599495282671711748439237546111915411111112181153132491151394161198389845311711637139187711146154389515659983146635197354955518645111115541
5851754156711578529743611763648744632724584637381341511964663149565775161286282993738321415491187118524211831322159347922873594189531183821111133231842617893487211176975516114517334118934182921118111779
7841519125421119371581461512163111111196548757881411111111182651151111111535149141262171111111393139786341524415152382599379977112722311347777211111874119764435685114777111619977158811794212994219411321
4911325962324157912431711439434151174178111127495928935892311148119473431118741716556435757211236512387745144111131215581589481167322163277428881116878114239433697511197136334157483781791731137951511757
1781131115321752411132119448155964543849391147527937484944113883311188861116225287115956981113485298554963736591567728661383476116122134877256111114973711115114499651111188354111641711714617189916115255
7971111111113958225111153464427211111111164428519391111111536725395111111196188121691111111959223537349175999434111111111398518421111159691673487589654658111141524366614919316737211542953588311111155484