99999999999997197346125096991095640650230138994574057713167270058238427906875828380339624371355997457193344491752632416193940037953251818167674546890869393571786955706842491210
99999999999962656992172590413686254176652821668407087479266794697231451985296406986209076988875058223383768817641994104305868057615497655776623170344337844623234879770838260366
99999999999995919999179399134951558450594510184858977109027944881092130442700621911618732877546692376441133715542984304378985942947961523821149403862195674450568241932556622197
89999999999999999999999997120912787888998214725929873372834339434982843175382257660535047990769999906803694467463373250817591736310985010518300753263820776993532799985774563601
29999999999999599999993212660283209962155299541246892765489553818105361870803044539999999609999999995731599999937998795391706698992473084111450560260436388235210305719262091926
63199999999933799999995944419362362083478470771524368590829266828791183648322898959999999999999999999999999999997198669997311195866211944178810568945545944950890657087062658532
79999999999925303499983604902398761914560293306077104187293062653075265599999999999999999999999999999999999999999999999999876163631987379256478118447214341630765562602583420376
84499999952449676517134645902768085807048243017132504500626535346743236159999999999999999999999999999999999999999999999999973777992964510738379643713699956227905702875954405666
91999999923412701915128258254857119758610679881011352390468460137399996999999999999999999995456899994824299999999999999999999497159671181512436934216893657705595527724232597056
59999999948664013047029221437384892549141468280901706254432882999999999999999999996001299999756319999259359999949999999999999999999999234335310767459498866673120657174321260107
99999998728633777755698289322362761696291455978174214584163143766999999999999189999911643712898919574643185969674641999999999999999999644232442809719400746131314188773093163202
99999992069993699934780965816099358397870454853526246358835811747999999999853932816774503980704169290021676009315675999992999999999999939999937413960794746668168928083803126101
99999999999999999593939036248583461017899061360304447206139999999999994999937440557041686353602646863920020821899569599978918499999999999975243162987736245682588095563720984623
99999999999999994744139988521367765066950434734756681853989999999999949742766983256219569371968530185447185321530389457592417499999999999999999929779731254989376568864683402203
99999994719999996293584197233513758841653983960085062732499999999999991859026385843810802369369716688564590840906629254941536999999999999999999950739366977413808903581413725005
99999994114166140189548366118251167954851966441059141266999999999995094173090711775954354186019135787902863258138985228304299849877982999999999926374324157173586847417031310703
99999994876305357936157340463630849000773659532318882999999999999676051964109634049378122594369723984119292909671363351959976023845731899999999969018699111097096872434117687419
99999923644017956592866938151333569902703522093461599999999999997411945905036522128951764581837027528582441663723507255456784682875229699999999993996652477809052178519303245385
99999949133400438994615058738135667158870892996963406999999999688930074025719391638155410071411108136209735890611556207404510180993729999999999999999999991523905209492477359703
99999920780414682219277923334010172337376194430117854999994083947988566339465701594022663321460262966823185424776278046611028803373957999781999999999999999113629730150424776509
99999979994599938488957647083163313642263623431847999999987089402132586723658235788837999933996740446839472452610835514833718320963798669641579999999999993314279138344148625048
99999949999993015545033165416787134271072717960344999999999167821451980820355233957999999999999999996247776498982126152113313609222368641685140999999999955513561267698712013649
99999999999999887325851000592154726308977959159442699999323997481202835678151629999999999999999999999284932751966695879058782429309447244742713999999999695598718799485857143424
99999999999999381295819678666615600055166003425770799999384877910792553783539999999891753099849899999999902734880030910225532406218028312615499999999999881817499149636604507428
99999915899996224082018638598466512015846414489489999999966016533482799889999988613282610117904643939999999942140584144690349591949058997629399999999999999954222683614069311423
99999991161527896939781776096672749883911756461199999999940121691733953549999181573233423011389454793999999992311185928903109536615569199925541981239999999499999836645193708953
99999915539958937990753644668501649662862826467999999999121065259619392999985898068154960647724283055759299999792285658067635713804179818694053939732999999999999963011911887981
99999996798983163114294995918732729859324919022829999999248571913300375999996631660888884188771490330493399899999183747087384446993466437283014771530699999999999990171432747942
99999965153747998866167969713673747109923256289124999999900046906819839999637826888999999999260282290826574349999021326811361470680889404934229523376599999999999541481053005537
99999916992929991806281122147305736964899030089799999999240338981647919992580868888868028199992940746248937999999919707185155802138300420202311892699999999999996664715776598206
99999914999999480173727534187356870195384975576039999999623174832360249991988588888888851268999602250466514690799999101938241841033912594164283956199999999999955072772173269417
99999999999999997581892823125927034632629630581499729999934665408640039998194088888888884764199990596909204946799999397279897891424269795470833345078494899999999999845964210107
99999999999999987365380389504825238653618992983123299999991713341312223999133648888888888580529993788500143886999999297094900396456828243489045241038947639999995599995964889747
99999999289995531494224545043809522230369375477233999999344421312606650499938930888888888096419993766566056162487999895283115809961263164212807842627554009999999899999941946276
99999999974345374699981166898656722169711836909341999999999183196473358199998688913888886720369999480706552139978999995642102526834753172979985031397137655999999999999996941079
99999999925811669410076651861344478483132812757100573039999989973933147128999999999998876731549992211746821857699999997282382033629922579965535285199697250599999999999994127522
99999999977706452993851227996639048452775643101246945899999955056505721561573688888422335472499997366715024359499999902855110656872645281502009851203269999999999999999942515946
49999999995173226998186143886310199065143292797886029899999999927190332074778103275935618311999944291563604699949399991913408031511483494268552771281179999999999999999224221111
79999999995299917999239000078821753842317393581153033862219999946120886519785186871840956499999904458962462795245999999436762421153790479338895921985351499999999999914177078574
28729999999759999999659379877229563755787344436167074844159999999997842475351837435756845999999744922878948212999999999123616621668916499370915214850427399618999999996489161720
36909999999999999999899730362609478792718613390717192469739999999991799192985069764592999999926956487778527424938999944139519247389541988951470170915180284403099999999998256893
39771999999999999992237649634059678873451350000037168941041828499999999454999999599999999992410366609075754599993999964324775385819758643719274906226140172863181999999999939498
21199999999999754743354411390473885433092361208915062731467110299999999999999999999999961721467295030267908134889999999441134646832667890396401595689499793558478699999999999824
27999999999999990591694122478738042051105911840044481939718975382600899989999999999549613221712608478294041149999999999784501813052851206378277381804797319166711599999999999993
81999999999999990799967049174379275066802461461959442526153988943263546611299229112721875624194046061346925121999999997393690620834731892323646308385639106819291299999999999995
32699999999999999395344799704195695215606140518965088229859376142681639502194611563624417098101173730461511978999999421687425686345869961748462917957853452999999999999999999967
30981969999999999998999999999447758169725127119700516380090541947225549271011494845270046182132917002958879999999999376063840424179899507984299353850047853999999999999999999333
28455791499999999999499999999449359239269938489721555840385476064093367153842790869031673169529979768857499999999999423929892160074170902845640009769704171799999999999994995571
44079999077989999999999999990799273185152679948233970790398117621361260220888850711196942612939201631924329999999999187252581194293999337338422475957399129997239999999971460110
44089446062309999999999942111586876441872722587816310356397048289606310558575057220956744643669821078115199999999993225967058815163120063278830071281307299425746999999973043418
00368903072423999999999999029747834932018028388597175294245363866902249851363354548090961537055701629999999999959919349769977006025857490586573959178422137870542999999606999115
18281560311949999999999999627008424998241099495783667473155205046251581466917405581330876472898986999999999999933787835385953936340357685403606429674969132395254999999251891131
02689176161449999999999999999418999999952234981735108028046585410507787414466834317692628102071299311999999999999974278816859606274776957903012061997596745715749999999654999994
68799679182269999999999999999999999999930792370392903299365404232532438072995591095809819770748921226999999999945635694447615125968173268901316209548087557397359999999999999999
40373625896042499999999999999999999999918554589272019723174978536167434907736374987687642799999992699999999991268948682911329633080421253448391157224171825599999999999999999999
18457076820689633691559859999999999999999197689999912681874980042073528246177197229041679405999999999999960812762301403717788862318640129629052117158363479999999999999999999999
15710282061266693999433571999999999999999998399999990598792514923626600727098324999899919978299999999999779302452077481786209038572306981980545737742651492999999999999999999999
60459304880343941423811291799999999999999999999999950186839999989499449979981214129999999999999999999999896847239497472877235997470013542910200118853345143999999999999999999991
50888166761170768433773177299999999983999999999999994175833899992533965899999356599999999999999999999993669821876494168601487675717825642720286195087646799975299999999999994495
79585361318878295742075033199999999993749999999999999999999999999203857999999999999999999999999926449008487999376196063750417065419556737155249991510830891167355999999998679342
69505389614151984199783127019999999699996199999999999999999999999999999999999999999999999999992329740315727587281069446453935599246145405010215068719687307602719579999999928595
07058687872703386929999933633634999121791999999999999999999999999999999999999999999949999999999997177649798270851243120526670592947663121470247452029322283936585591899999999038
29837862405656687166412104549963499941589799999999993589999999999999999999999999999954729999998155564204212375834318413085983323607736734060813548192332238333064245799999999903
68673770154887250168655600014436229565438979999999989953189999999999987199999999998227872792393887980872376957865416445526910079605085317936257545735921722271562825655999999961
27596065999821384832317702467923488712172881999995933316289999999998988792999999999905124132044172290767090936555642452688130066509127479688589591202499939344431899998999999992
32007926032428357768699255257343145790802372477587993675928999999942794320524989369962601180787742989273986013915883950135489123314665233905394099818079999999150299999999999998
07568718849662276269473699338234432656066725823371999780077361442199487924573966491995224209528234523544610258403550477107353627776826511961899594103499999999986799999999999999
41184213534175373554665495304792971237319699074747591677121418408407752714126300665782027929073574659672040009330439277082121709988057330533617301404449999999299999999999999999
97378595159422972239964209954022759757005414096845906791874380614943862294853516694533263153674303578106043177600789189308869752252573958727942731121359999999999999599999999999
07410655575482653619689149075675800335203771457039619279933442673069835420087804183803771704700935781002209015774430654025033598661080632045253945799994579999996963999999999999
54333258082093892339728215537893782685476457066224511718816379938288587406451433521419281997459280958083425408250799983986600519042200819138588526994499519999816627399999999999
98384808238989965116532681166293892418476047685454591039794585813738033833657940960020901392384255315489970308730944772959029039833509121579999699506326396749904909399999999999