1467942821711784667188256174814
4861741626582351983413262668966
7915824218134485496924386731454
1427843624312977297238533747742
3963284475242611958124382267152
2357784226718885349781318268231
1616566838538183437325885686851
1225919713473816191317688836366
9572617534466941779511639487987
6999425268785776929489978526666
7184966542233917373972771921346
6811442295484749984641651983671
3326654876793116733945369688781
3298795286636455324525934175284
1762183592641128934464324944411
812414349847653@615272882887428
4228235374883775193925929811114
5591788771923674535895778539692
3639329238642857569646237678271
5239639447767515698253535776856
9496641883558389186121245476748
8326638162998982668168165337729
4143351954275386426864663156168
5968967646824847541879571272148
2872576398897725994766169257962
4631915515129375438615725664394
7659698763696649986595454432745
4362898777669824632231183228845
2989892485843192374227924284416
7591121592284374738471249757815
8798257885355428745221534685293