32134335387313112485556567612851277578724248218235356136883226137513526561365227754155814328638563312
42262443512333563383445668435188232873626648888257571833858587488438777455615842833654816754858834625
44213348272144286173257387147266845155868515646788238522515772576655765243455222456777843382568655351
41565711648756612272685165555646375236786483853368181184363471223838712327526848742143877287178875141
13315632545646573741438358426255623814831632513535353345857171788664837312636168576478555237633422871
65358571424458347446678764845555471863567138632863243254245565538118137415245482112888356474686144333
54412325743814732526235686271523416438511225812756242615366463762525234586253787578373433526553723684
55178631883431175313635771615217265117252754851275216118831727814674412866828585481487585837463787166
53438414717566118264333664537253484462846757224313516613552166775164162514244812244421672421832712768
16862785875688756283861735244514688146646844354812273176732766622246656747253886112743636774254312258
41522771115716536831275478784817361274121182727635685111613438733178756276237621715832177476383568858
71313545771457265727886768485481277863532674854965878569987788336511864151254414542555835278512726712
16113642132878514847481432864272771544797455568687499549968697537482486344787518481147862711826345357
57742446547681132626282674626514353858877747675667975599485794958523154877531137511433434677457511528
81313528367267745388475113572232249447868679456995698955669464886959527717721687165717464348218452574
13886453478746537613716216873544478554757859767647954998494885978484446642883211788234423416465642621
65313631858815646418568757317777977685546764868588578749967596456685547636148377328653444434583385443
44831532531448727571222358827497859498868976487855959884856897475989878586818513481337344378252341375
52646456617515122544757676466857865474969949588956768649747649699874846484513616715677453174674884476
76315175517712248435564165885654594877968897685586666955678676865864867785886588845735243427821882565
63587124217288684612475687577467979959544868969878857544957877576475778574685476874856688557637142846
55275876484258641126232874948894848877489897547747694789846664886967796885868858772874874554475564833
83517247612137466877815776576679698496669787779878459447944989955855859994458959374475872618467867176
35752713883342423676877649555948567674848448454568599575998975669946459879678457552257458663277684433
82534128161543672626589785458588654486479465777448579496667477958786869759844697474354456516361677367
78318857553623715464949796959587545764465999467794446894866446597665769789499497756777836761187316682
78454683166276183269994948849959797687764879885699884449996547767444797985488465477563837425352873386
73415355685262234567966747569458877794444888785585676454784599588487879785869454558446763717857825758
85141235613785382867999787478575869974456954479657767886747964478747948679884645446651845617625267315
48875867443487147544955865568899558854697475877755655565595544496578865595557457654946448243563524736
38461788627541355679597799765799474988476874464795496555778449858899495885846845469745784648565847531
26585216425344766475744458474856765496968889967794655688767549694576769799867589455776511516631128853
82641223631136898847888797544487445588444596845696459874478774944944496598557669948567644355576324184
42344453246516348795469894886995755959568959445476484785497449654859869444546486599598441265178721375
22622868521776755967854599458777774999875969849654586497674856484644447747985556996755888671442623368
83346614723216657946696689445977959597468649449577967778877958656975555667748847875787573611537274764
54488572255214698575855569649567579794486587788675957569775685748976796887547448665446975161413382362
88354552821165647684767864459447849664457757569657499649485866489446446489967449756684869435613533718
68757237881218945859849846645648856746664546686485658985498444867444665879497779448495458518662777613
63326835441546484868697958597546759955948754657444885996689949979958477948848649978544684434672461757
78855245312184786659976797749747894447956664878899944488488477958897758549597965886445699843187411536
75486551878574674544467754749478689446464697859755759749794956448885465655987595748599949956624577747
53642337521684649555465496784955965579556867696574788898964749584689469458955454475687699642533778252
88751132151484954796575679587596854944798577796648965986856466699564468576668449994449456797683287288
13164424411599687879949848779864856897878984689858987477466578594745556884849576798546674977244887828
72268731853545554667476494645886658478894997655587487744664677449697556467465947979466965845322168758
33567515352946969758879968588585779756785775459669774597776477787486974797596567457449955646761115474
74157658427446948957748785896998866476757957869584856699955456764957995475864596668695498975336374216
12214268278999558444578975586768657499554756778976959754767446555456984578774459674899484997567732641
88381742576475596845977479475748474498749676957769546947877845779454499658487748468654655578546444576
33384678238645868646489765466486464576956867987797@87568645474497577769665598459645694694497648137571
25857752685849775689987657696794849677799867958666756654996996656654884446774995796854889842651281864
28267381535767998467456955589487747495864985648488679668888494897797489478884946476894956495146411174
16386541376776447897947658684846677468866568649478685488677748474797789465996778867499875948135426638
37224413841749948966885684776995944864845568459694578889797695486485485794477565556887975895756171525
26342543527459968745459697499498766655685458477489847565745475674996976849579987888699587865727221555
45432712181589945645777554544449446795697768489754689856486885784698486784666649669665746652385382324
81642214221894744888947886976477655798697788567977958746467746774748447876588456667547575461622722141
52272723416494866598465948884845454889598974988489457859484996744785794844795654478554884655823345424
47285381822154554488986777849485877964479974894465645849588887996544899457968975487569756441746772168
83874854571176575777768567999457958774565777479855964449459595959575457489757868548674867587676667858
27728453471494669664698494489586476767888478597546449944478855655688457685599687554685677811266821133
27424587114584898874575948595655996668968745968864998458764599974867854994754848854759998681311262554
78824635455774587784894785766645775949886845476685844749579546896784974779999648859656497286161328622
22626714258514668876999958697499895884646776886465755594695668546769979858854864578587469248367467254
58678516613816584895754548797788955469457876875688599785445644769558587569457764445977585643367174818
24137685545285795899768586749859864556476446486878787499686699967489989968649849888994887725767651453
45233457424374686869984797949749944885769448765466454987685796947956958568889585485598652311275343662
83661682181141868798987595547979498575656685764588947558555876459574669894487699475456455522377787415
42548673645537187947857566549687869447556977444484857445887498894464564586897467884754783712556447275
26366161782325257765677659575967675995874757959475699946674885995556649645977447744884855283632751613
86363476661543764694665878947845949599849658967897659665644895545498864479558959959656177453228481184
82634634258515647656944767984775466649699578745879885564997899675659984489949795994558451325462337276
33464623682136782464847466449869585878859559757644989884694977485457666746554476956746452183773365241
64572485356162583869894854859868947745598748458649688958678856767688797495447655979617271128486446613
57128542144631651786469878774555454574798685555744648578485699865945846896666477674417564674644485383
44384141341758541211796746674666477746657754557874857594697848685968454765774669966775462256575165466
71286221736355466274579878576569467987768577884565759994544894648854764754564844563457371533842637711
53438343714188216845544588955774746774789699476479668854665687568775858786464665616751211136561487888
12242211771784516836874545696658875985848965749446497454965954664667787659759448117122427865417233842
77414365783726414867414967558575885876977448458564687655597946679684648569465848514677366682463526242
87238454616365465478553724687859655457796958485769974557856544689566866897976226366422683835274573567
67252573411141366262878873765447785557464979975754888454677778674649767766571875365858385426115535521
42711732338142853414448547544986748498578677885787756647998754854477898489683833636314386811383527225
33784272538227177485816177428867579576864687988575788569899894645864546957515452125577415683154711741
31642371442838323835112152544198888665499549996554479786464749857868879742611561688667847263362668427
28613524187658431863425626114465858454849966864657568649498596597886971513663287347814671532358366434
74786753483667113657242427167146265865649968687446955984667569867676557424363851446828585326731846648
47641742747164873558616284665864215849964676595675746897654486689566758883186638818456735453737821343
34321184157852218311257322345162865116888867564947755788678785917511652234458782757214727583684451123
48485167864543113432881447787518866138812167864464799659557821684173828738567782747368553377783565558
56488727168752866536854736355637481857644436478357662472433274572516718728823463578863888882445137737
73687842666646876876548822321564712261332675548381811814143575533617214451635225785626167435776456585
78313884775562886375113553411145586843421567286568218338651461888757288722763454118446317421531311415
65152251331347865742551186532724124613538355145646855331451743383762723784187853214452214857663475171
14525765686366171784423362366634674625587254354623877826215118648184433778175181211575433521721178177
65633375824788275352454644852512683841387487554617884511283435137464226635561652827578354332838435534
41887215811747756411452838565282755462618243331226837855354784726341217577132886445444243435165544254
23245725653572721766211164348482187824636463137735212684488854872145146451671375542712353547185133722
43654172352764887346535665675224188533742176531684674762241171345122331512461668376254155426445642534
21213835215184263474477317837445877375317243746145545225151463135472678172721721122137564777735776546