8466847778756675854544456445776544867766464665454634767735757655673764556773733465736357365565456637756578768458555888674844454468687844465847864546884
6556756466547464874847555865577764487788866446674357437777747444434544337373543733376467737333337765767654576866778775546446775585547644655844658467844
5647745568648486875577566765484867786447855755373533554444464537557573363567373633347553463645534473545534688857888868667648664468568786787586857557877
5644554757448657484744477587487566746668843357657453533446344334633573744437547664735436645733746757653654644784476688586655778674486448786686746676665
8755488866775785775544567757647878576688443347657634457765637375454545743455563744335566444543757653737474675356488754446887846658465578545666474758588
6545485746768666655565774664678554656533673375343475475565374564434667444354656654455736677437736644676745434677566846677544756547686745475465474865566
7645676848858856774687566865864748564435637664347744736476546345553666674357433454437633534564765773556773675343745545487487457658446485548886455555476
6565688578675854485645677477688448556636767634335645475733374635544574657655754774543756453763355566663354556655544636847476568657548668746746487754745
6867885887655668478668565877688886676345743665565673554446533764573633657111111136773753755646553766774736373547747536464565746657668768655654464585646
6444557568766876447645777648446365644443664777637464563757577663765651111199999115473777336645443653535556643745563473637887664678448545765457888445848
687558888587686448567448664867577333774737337765437344654546556546456199911S999915653677664547744666454565773765537567765886646877664655767775877477656
7647868776557785474564544455465757336377564737745773733433543735346561999999999917475734764667336334735733364543673463647368488558667856558564544868444
8666878448476676857447666484473365455535474335576366653666576663647571999999999914477344536354745744473376773677466675374474586686448785784887587778658
5544454644758557877754785673567457675363666443733733337457656655343637337999999315353563663467753333736635777363335536756675457656744658744745748886678
7654774746578788474885483736333636476476645576633366653366567357735466665499994313373433567356377356366777567346554567636673763474868868444844758465578
8547885478888558558778733477576655564554347334377734374663673776753344733633543734335637344457464774453567345545675647544353377348478765684847788747888
4564864458746567765784645754735545356755474577556447756546335435346747775775376534443773734737474675577747537337344354375636574345774656658547558646557
8686667467488645855576734734776547373474577544444344465556654573655774347367373766747653367543433775676464676766445775753367775433477567758546465467778
8755756766444655486546733636754476564466775457756454643537547763537746746744534754576457674565757575566336756774545665546543773777677444866766446565786
4746475658476645876534673746765445336447733377354666673353543337473453453567757636356576445665354334773656674645737767447347666376355565444786757677467
8876455745575477743647453566473365763363766644664566366577553774766636366436654666566447574367333656635444753756343653376576534367536577765765776584478
4565644647777887556465463764533375636445345767634533535365456744563365573675367564664363344743746746474474576473535575533743647763445668667567457688685
4786566768756547677746664757667755447437443547447667766477763547467747547343377763454767367375467355376363475435436767653677537765566347874446446768446
4576485457667853776543437756637754667766533366443576737453643773623454465544545444366335364443573665356635745364374567743576333333455455656487486445484
8687454488764465655644345465653347477665667444357365435753454366254556624222556232552366356365347434644463443636535566647756434736553633355777884645446
8456748764648575737565436565344654766677544467775447657464266454453525223366242443552535652535533473343366536553345765756435367736766446478446876485444
5677745447875443546674757533464375554766547467373455477622452253442265342326344263426423442536556333443355666556373354447667775763453663655786748585765
5888547674477444445775445475653747634733535676647457636454443523655424645452652242355333232363324443565735637344434533475744337673675456364488855547787
4854465746837543477344577546565366554375554366766576442465654655266324545536632236455534634362523642764737537443555463346557777335446377675464778467875
5577677877856733765477753343375457667465344673764332263656555325463255635656453525654434632654446656353436744556537443343457634456737655455787548877576
8857585674567577465544376554333773567475737353644625633253545262354646622545432522564655523626444633366374657556563675635343634655535557636478646654787
4866676665673473374533563453445576766356646735633232242366453456663226626225623426526656626525565266252323675644533665437455463574353636465455766687466
6485885867556633446767373336335636753776377333435653464242636624534432462526362246335222346226534445552345446373765536733734555374746535433353576878788
5847586647435654777467435554644665333365433636463443265433222346332655323625643262224652255622524233622455665337546654447477343743376573637335356757777
4457867355754674543755636733635764534546742224343463666265633266453266646353442463444446562266263625654443425764554443753763436535573365544337538548545
8665558575353774465675737764443437574777745352322362426363344452425333354563556434525324426533566645666333436455643357753464347533533463757437338654745
5557754476434634747375756645645434564477232352363524555535452625423462636324532442433452432463362362464634242637453347733755674376434455436535453777557
8585756356475676577557334555664364733434435422664445543632343442325566355435464556626366224553663255533435645322765563446463465673475647633433545565677
8558574354533763377444473573343645536454622436634226326535645645366654334655534444645622243636545222564465446266376466334755664645547347645346756585878
4857754457654644446644674436634737774446353543635545446653526326464354354564542656444623556255456234234522554566445464645537655544577477744475734344454
4467467474355775554533337763546766464554325526542625366444226366364332563345444225263346662643524324265265664653363665645747774435433333555534653448657
7866635555633343745557765565777544365426623652244562243324326243354255224645454632644335625262555442366366646263362534654336367455764544773437557668747
7645364555767357764357377366733466435464253245525255324524345256442423556266636625333565662223362442664432653655664356755776353465644474474744734434455
6557644744553744737735636575367352244436552436423532642652342335454242236355455263465633652562232426445352555254262222457555773744473355434745737545554
4775366345446775754744776357744422252565245435363563522344446464633225354542235525235556343522224233235554442525666242567434734447476333733654667467457
5733335335575474574567756474434345645445624264356433655265625223435323335625255324234525663233335265435242534353534425635575745747337377755757753757366
6445444455533643477737765663533264456666564554235256524525356522352453652366246524222262665555635253434464365623633223547633534337443376345753465566335
4367355557463653356373554766744463243522333465644622363225243336645443543256536333362545444462634436634234335223664566622367734633375334463465663664457
8456737457673474365777737545345555244552664322456425642425564646554562222444255244445242355465246542565556625552665225553336637476764764376564363643658
6665537345577333673674763547766422335435426456225336265262526422355523532343422346366544354236522634523442665432424652632476453355553566357355553774344
4664653463354375576646675463424525633545662666333253323556433243444325232434333343245244436266366644344623624232645255436354767475744347563736467775764
3536374657344737577557447437654354553346454245325553545356623636435522425325535355242226562335366322653444543443625245525337765435537774674766734643434
6763753436634334363535645734565425236624522243344636633654626253353243555543525335455234442224655566352336635636263544634363757454765354366363767373774
4465543675544454545676567645246445452645246354453333643226343425335244425525445435433425226544342445266454664666453236245642767457665754535463456465437
6566567467766736533655733376326256434553225246432455434433355335354353252234552232325253224423336423244325542262522436655523773736766476634456475674354
3467467775447335745334674326556626642355233426324634235323442533323323355242543253453345535336445224436355244655523252643233463367455636333435655743456
5753544747645454737663776636633623342544625233256325435423443454254522525444252224223555532434352243424334524343352634662244373577666457643756737643363
5567377645647637674356653634362334262552235356425353326544344322245252343535525545242345353552356342556443546242656322543465257673566536544347453774633
3555775573353573437453376444353225352263363644654453563333333235542252424325445334245532225233353623445452645226346323463222253744544757363755454567354
3763646657767434343347475662644344465362422223254246234523225353253453325234233242325453243543444225526433523622623445526323624743374645736743537434535
5656754644654753543355456245226362362555544263456636343425335522422225535543434453434233332455245364355455636355645324324526456344375564467533443465735
6347777666336755367356546535462653336235433546322655324335525433542224223535452424334252432453443362362646434344435425366465423743554565777754375757543
7773766735746547556374345232653323643455226655456356455545224353423255545343345223434553442452253232324243534663356423264454252447377436457365745673765
6746633354563555553653566334345643665445224332522565243245222343454255225424445332444435422445555536555365244466252242324526322664666464435553655577456
6567543575434375453377534665346553254326566645642264535452344542522332543252232353335535543244224534622444452456354432564256566775475374754473557343746
6434543347475334337547756526225262533465263455426352325535443442534454533223353345333222442355224444564564625246555565443263423445556576347775563737446
3437473745344637457437622445225562246663525255432535525244445244454222345434323432242554344422354354344633226444432522344345333334663446356443734744447
7667644653643747333347653235326233264565223666225525223253342242423353434442432322434245224422224524443365444242653444434445442644636773455563773463543
5377334453366673754657632425352445424356544343224243243532425322233454524454344422344235452245252344424336264643464252226253224273636347674656374463375
4437533666346656653656334322262464362253656656252622523445354232454233544352345535224223525335225243245223652546463634635565335667363344463555475547475
5357735437753547673465764536363224566332555465563222543544522223423232422532343224552425452233224354354253353554223235634466323637745367476456346333537
4665356744763476753677335254262666425436525255442553452433555232254424444423544353342454554222232522345666543243534432632622334655676665343657475436343
7476746464536673746337434433662422363244443525526443322254522254354454242233224242425533553345352322434223256633324252366245564566333745655576455453375
4754457346376636576734343262552335322553652232234542232254224325454455423253354352245332243355222234345526543523546335263543325656655734547465635335765
6457446675566745776454232264633232562535344553323343332352534354323442225433252452335222452433255342223433423442445642226625234654376537636676475657466
573656767365577464734752223543646652446425262342233544544324525243244335555@552333234534344552454553243366346326364245626454465254577744763474465464463
6734353576476356456677623256555355643522665542442345453343443234252555522399934324223254442533354522543634664562422443626466235243735353365446576664347
4434544547475354755377665355463556232335445566232322452324234254325222223499925535444445225355425444356636623226365262545252453274353455376655345374353
3563565736656476533537334362526526622632256445246555254445322322334555545299924553453525233525433224453646564344655643226265445273556446753557673466475
6465756364346477453535736552544354435222642365542243444433555434422324222599935353543233523525344423243645425444225246442452463245466377653537676733737
6566366345347644435337464262564454252426332354626522235245233344345443444499932534355522223333445245342222653634453256224325462257474637736434535347447
7763653735773677647557366433463332246634324434624534352535253224233234553599953424434255255323342535563564366356535343645636346377433466576543775755433
3335344763444364443553333554643434354524263625336232332322335255325235555599922432245242552452455334355543263245446563626365464476474743775736764664443
7345444544364353346746532254636656235435664335364522542342345425544435435499935543325254554334533242435556562624255362435342623647554535654457773563765
5433337347647567556543325362632563333343456443242453543224552335543232344399935252234233434354255423242656634636663254322562423455655773766554475776653
3574635473356773635334446642335424322564534254552364423235353334535233325399934332545342242553455345662253624244346335654565436333757434557346433435537
3754635545574347657346432635464644633365265624422452434432525534244534343399925343525443533445535545525462222542233235655424233334436575635377364767674
6674364377655555674766576542255243543552254224635325545424343234423433555599924554425523454542353554545623435245362352364232563547543436333436643655374
6773435474455653344667542662643222422425562634622653354543425354524235235299923222342425433244335456564552464552645632634344256754373575764654535776433
5654664367535776446436474466562322446556632253246633553225225343525524354299925242322254232452433266624364655445244354455252422334366666634347345345773
3357543676547466343364743562364255435256345262336342232253443234344333452299952553335534255342254532323436442336655235236452447734777575356674767435734
3476445364573735334557334553433566526442366435643362432324235455353544334399922222355233322533452255652654552544223246642246233656655747757577565477767
5637377344463454643674564355544624343344632524445322634533335443353254443399943244435525454543236235346452436532364462523566625765746364765543776734534
5564444573346353433577634724543345365242542446655435556552553432343355333399945424333442223323523336433524343446445364523563255763345647544745735544353
6567773673453657757455373653223264645566365653666566223232542553425433332599924325443235523323555623533345256464566453465444555776345477545457775677445
5467556536654477574746457364354445546433453233454363544653555235232342322299935325543222454223624564465222465552666224562456264746547436343346364555366
6635656574575436673667365335333624642425325656624266264424324322435423353299942453535425244333535643335266644343425256532664645344545675664636747744567
6753437436546557636654643376545643264353352646325662256365233542335254234399955323344554253656346646633425335632463523633652445547764656443645653574765
3366655554374454374356446565353653455536663242645254355655233523245522542399943235532434453224536633255444546365642255246333573364453745663366335666477
3756637733334667553346433744462225523323645652464555226555234552544325434599922254424456232346425326424435245642232565554665635733374776354476377434434
6736773756773347655436635736432443626523665662324336326354444346253352243399933424332623663562523662325446346633554454522435677535356436455747446355367
4575453554754767463774444577544256245562263363634252435434344352355643244299953542444533644635364364525536522353643453662335777665537543733335337547335
7746464566563345475556474544474532566645426262646243236453465244224634362399935544622453454545353636662366223633432424545667644534446573655537376345646
4767435657775474654446333475734622366224342326522434354356445444244543544599945423665322424343423544523623344644255364636743753666565653353563534473666
8657465347743663573566547447376424522224422323233234245464435254242336363699952342363523634266524222634256332266534333265636746757735546634573363553347
6644635543553473745573643544467732653522663553456643256324635565645243633499945624262342246545332636665235443345622426477737573646435555746446476355574
4776446373373543767564735657466454322353335265225556442352566523546565665699925543263524634433353456645265252426335342466576564544535344535444546744786
8547345563435777476647764447564453252564455532652555346325555633222465434399923656653523646625232322446656224636335245447377745763346555573773676743564
5763563666674666464677456663347767356553323425363563222352635226225656266299932545455635636565456545553225644665655264565475644374744574337456543647456
6747676757446347653753643477455536446652554364236526444236625262255622566599923455622526434445363236524662444254335453673664655735333574446354634776756
5468343476454677447457747545375344445223536566345435455353246535542532252499944332364626236622532456626522633625353364366767533367465673643745457377665
5875537353764347435534343636543653366655526432532525335235224464462242552599946442256233533446566634343563466264624344575665737367676547375753436647885
7788576736335334566577653744556376644445264436342332363354362565632234565599955535632336246434443225556424444246656535635634667434766557746537767548644
4764875647757437566773436345746357567346244246624452636532632445633233635699924344646643232255353344533262256435665566445335565754443563633745475445464
4678686775566333435444733346334547644436433625532624266356256443352546254699952665462433654625455336655256326565475357434566355335336533367744633766676
8758676473366763655757443635467365466436365252435325563526446555662445235299933234333466556343664266433446344467364737463735637775333747345556678885746
6545645456465763354765647454475537345765754333363365425666465626226336322499954435336445662244322455335536666657456775564577554443657356343754377554667
8758654847455766653636666756665366564544443564224565534523524324443263245399923666462334664554332544322424255555437554544333465655765665733673554766866
6887474844564477573463577576735447753474566624326245466463454232554626226599965633656544435544346356235644665747356456666433565433666476544675785644848
4648656883345373665474556334545743436466343754553643622245642336452356453399946322322362322436323254554454444765434474736547444476463365344677747886848
5784447748364456764733776534565676775673577747332226344454662663222346246399953462465342544546544434552254535566364334466467776675565344454335864788865
5574446554437336637375374676666663575736636333467534422524623633464563234499925566645226433345655625367355737556567547446653576474375753573374864445867
5665757675643556663433563653576647344376664553346534544655532535644335224399953423333344544624626542333436746356437367577665367357564365774346644468887
8885657668667767377636476453554347476347733533633757753544462624635326335399966662622622553665236353755763577767663355737356566776656664645745476745556
5556674656768373573573377776763737345545436553574754463563342265255634423499953436354263642334347447343775667347744637673336375645744434548465556754866
4748858746487575774576466373575543534554543764736667376775635236355563564699932353433344265467663776754774577456563437547547456636765463746866857546865
5446865456768673456435556663677653744345556574733766334737477223365325454499963366465364436435335753647776674667567467763753765656534364474447567688476
4765688777744454574647566454633465476343665744756466657437536575362352624699966634344433563536677576445676575376655544647436366336436654787585487887478
6647774675446686356734345656557755747335756633665566733655653753554336373599973545734665344463777763363673667455674764363677437363753444868746758658874
6656544457846588663476434674657657366747755734765477653375545447564544453799944666764433545557573345643346467365456336754334476355653584544786768547686
6868564657878555843573676544654443666773575455556344644347663535663775644599947477375574334467575467347754335444734344567343645773343484755848866877778
5478848764565667755775374653463446377376475635546474557547456634573565434799936554656575763745476456343645333663646754736547476353675474854558847578667
4768446647566678577655577774557567476354645443435337534644365635473674464399953733344374673756543647335545435333743645674435374564766654586775458457464
6477658577644876766483476674753347656447347545573663547444367455566577666599945767364763563633674447743745734756733576734746563674584765686475855558675
5887464858776488764785435655373744334366473375366743546474344634734636555699945557353433647564443357777677457375366537445773363357776468468855774867775
4467586584667665867676745367644634656765777647356737633564735676435364374799936765645337573344677456675753366336456363443364557468555444788487757856557
4775748878557866776775557737564366456444366736554564745364466465435443657799954663364576545354455446677343364777644443463745745884544485444784878645684
7848466664756486844868566777453345466353664435337737746533746635743466367399947577357665344655667346555654455674437457357735786466454865766845748585856
7788765784747748466555577887337764677467543734534577774565345757737555343599946655454774543744756657364363453766666655737763775886666558456786746567446
7758656557464454745485545667436573537675674644657743654576554744737537446699974553436335765354667663467456774775454444666454664747446484476668874577548
6748678746548465467564555645856636543743536333743555464667767663553755736799956547475773576633563355374744474333766557673545558586788857687866887458677
7688558554678588588645658578548363745664565733353336656537655737437343563799946463353666546373565737333676556765456454546554748564584487576775884868767
8548885688566854585674844445745663666475353737374633344557344633335366655399946573444373676473733553464666435577743334647857784776858874787474565756565
5487545764887574875685876764754674657537764777435443673356635575373573743599945575353754536365345433465365344636545638587876574845484648458485678464647
4588488487584654788774568446767766446645345343746357373437545475377765743699947466546747473636354637777474544666755654444585855746854864467787785488766
8645485464687657867848784555646687854437353454335363765567743567437734643799965637566465443435435556655776564365785564486788675576467486446785474584458
5566684466887754777844787488657687688868754333666336376346667675337565634399947634647536656575376474755643574337688566667775456675457644666587757758858
6648448566685548567677474484448467588865755574363533735476737457535457565799974554564434647543766575365356736556656755784868744476677755867867687767577
5465788865858556478746444754876775888845885755764665774746564636676556475399954337745776373363564354646574668644765758876667786774658777776565665474866
4645586774685754858477886558658568754758847554654664633763443764676645544799944434434445767434564466744544465868467645784875657858888855677564758468874
5485647587566647874465875776847846678665845687456773663467754457574335476399974646535634666363665454757557577475456568778856567476767647747747474655647