27144355497
34287404921
37446232045
48312420014
48994311651
52556665782
53786560363
54951642861
65535751486
67114575832
78717008014
170697465326
176624137896
242753632187
273938232443
515232254224
676994821765
788703180888
838000046997
861633605030
1045251037627
1221131366156
1250858809237
1400207258115
1583109563139
1784258990276
1810256363003
2051479317618
2134306156147
2224436478758
2256727291201
2259382809945
2365481165184
2483553065342
2539957458821
2564427081515
2643534493002
2679690905728
2764125176495
2771040377812
2810694523667
2997012231324
3236498868306
3314362221495
3346545041036
3670039793835
3671626529419
3677664044213
3818723284590
3930923507052
4061790983680
4127820871628
4136559874029
4163564016877
4244909121194
4284140851836
4435724316053
4500274096889
4512879252075
4541315303481
4694112090611
4696936606171
4709706694213
5063571983946
5166512923645
5407414650436
5419271676259
5472952836923
5692640920523
5698220439021
5891272509085
5968316345901
5985509521786
6333422545988
6341860475649
6615838615397
6751976429588
6925812390207
7236769946423
7451565746997
7510984691840
7549284500847
7594200639469
7624174330379
7853342324306
8057868526282
8074838119619
8096137193960
8347906444741
8416495737112
8504463296435
8508484224706
8648220027321
8873958245652
9084144523335
9284449694119
9442117928490
9656932414614
9714301017140
9986389736342